9  151 15 1 
37  88 92 1 
5  19 27 1 
22  131 40 1 
8  87 29 1 
28  82 29 1 
37  84 56 1 
105  133 73 1 
74  104 37 1 
2  111 26 1 
17  89 73 1 
27  78 84 1 
2  35 46 1 
65  121 24 1 
81  99 14 1 
14  146 43 1 
15  150 78 1 
2  107 99 1 
97  136 86 1 
9  118 34 1 
32  57 2 1 
27  52 56 1 
92  134 41 1 
10  104 19 1 
9  40 97 1 
48  65 9 1 
3  151 97 1 
5  132 6 1 
65  95 28 1 
56  89 3 1 
72  108 8 1 
48  85 96 1 
113  136 46 1 
49  128 79 1 
118  131 0 1 
15  53 91 1 
18  112 36 1 
26  82 75 1 
66  106 58 1 
46  107 35 1 
2  32 43 1 
87  99 76 1 
34  35 38 1 
27  47 96 1 
83  87 90 1 
1  11 44 1 
56  128 86 1 
11  132 64 1 
39  63 4 1 
39  53 99 1 